; Scene color
0 0 0

; material <id> <lambert> <phong> <reflectionCoeff> <transperancy> <refractionCoeff>
material 1 0.3 0.4 0.0 0.0 1.0
material 2 0.2 0.2 0.8 0.0 1.0
material 3 0.1 0.0 0.5 0.0 1.0

; sphere <(center)> <radius> <(color)> <id_material>
; plane <(point)> <(norm)> <(color)> <id_material>
; prism <(point1)> <(point2)> <(point3)> <(point4)> <(dir)> <height> <(color)> <id_material>
; textplane <heigth> <id_material>

prism -40.0 5.0 0.0	-40.0 20.0 0.0	20.0 20.0 0.0	20.0 5.0 0.0	0.0 0.0 -1.0	0.1	217 255 242	1

prism -40.0 4.5 0.0	-40.0 5.0 0.0	20.0 5.0 0.0	20.0 4.5 0.0	0.0 0.0 1.0	0.3	226 217 255	1
prism -40.0 4.0 0.2	-40.0 4.5 0.2	20.0 4.5 0.2	20.0 4.0 0.2	0.0 0.0 1.0	0.3	226 217 255	1
prism -40.0 3.5 0.4	-40.0 4.0 0.4	20.0 4.0 0.4	20.0 3.5 0.4	0.0 0.0 1.0	0.3	226 217 255	1
prism -40.0 3.0 0.6	-40.0 3.5 0.6	20.0 3.5 0.6	20.0 3.0 0.6	0.0 0.0 1.0	0.3	226 217 255	1
prism -40.0 2.5 0.8	-40.0 3.0 0.8	20.0 3.0 0.8	20.0 2.5 0.8	0.0 0.0 1.0	0.3	226 217 255	1
prism -40.0 2.0 1.0	-40.0 2.5 1.0	20.0 2.5 1.0	20.0 2.0 1.0	0.0 0.0 1.0	0.3	226 217 255	1
prism -40.0 1.5 1.2	-40.0 2.0 1.2	20.0 2.0 1.2	20.0 1.5 1.2	0.0 0.0 1.0	0.3	226 217 255	1
prism -40.0 1.0 1.4	-40.0 1.5 1.4	20.0 1.5 1.4	20.0 1.0 1.4	0.0 0.0 1.0	0.3	226 217 255	1
prism -40.0 0.5 1.6	-40.0 1.0 1.6	20.0 1.0 1.6	20.0 0.5 1.6	0.0 0.0 1.0	0.3	226 217 255	1
prism -40.0 0.0 1.8	-40.0 0.5 1.8	20.0 0.5 1.8	20.0 0.0 1.8	0.0 0.0 1.0	0.3	226 217 255	1

sphere 0.0 5.0 2.15	0.15	226 217 255	1
sphere 0.0 0.0 3.95	0.15	226 217 255	1
prism -0.15 5.0 2.0	-0.15 5.0 2.3	0.15 5.0 2.3	0.15 5.0 2.0	0.0 -2.777 1.0	5.314	226 217 255	1
prism -0.1 4.65 0.0	-0.1 4.85 0.0	0.1 4.85 0.0	0.1 4.65 0.0	0.0 0.0 1.0	2.0	226 217 255	1
prism -0.1 4.15 0.2	-0.1 4.35 0.2	0.1 4.35 0.2	0.1 4.15 0.2	0.0 0.0 1.0	2.0	226 217 255	1
prism -0.1 3.65 0.4	-0.1 3.85 0.4	0.1 3.85 0.4	0.1 3.65 0.4	0.0 0.0 1.0	2.0	226 217 255	1
prism -0.1 3.15 0.6	-0.1 3.35 0.6	0.1 3.35 0.6	0.1 3.15 0.6	0.0 0.0 1.0	2.0	226 217 255	1
prism -0.1 2.65 0.8	-0.1 2.85 0.8	0.1 2.85 0.8	0.1 2.65 0.8	0.0 0.0 1.0	2.0	226 217 255	1
prism -0.1 2.15 1.0	-0.1 2.35 1.0	0.1 2.35 1.0	0.1 2.15 1.0	0.0 0.0 1.0	2.0	226 217 255	1
prism -0.1 1.65 1.2	-0.1 1.85 1.2	0.1 1.85 1.2	0.1 1.65 1.2	0.0 0.0 1.0	2.0	226 217 255	1
prism -0.1 1.15 1.4	-0.1 1.35 1.4	0.1 1.35 1.4	0.1 1.15 1.4	0.0 0.0 1.0	2.0	226 217 255	1
prism -0.1 0.65 1.6	-0.1 0.85 1.6	0.1 0.85 1.6	0.1 0.65 1.6	0.0 0.0 1.0	2.0	226 217 255	1
prism -0.1 0.15 1.8	-0.1 0.35 1.8	0.1 0.35 1.8	0.1 0.15 1.8	0.0 0.0 1.0	2.0	226 217 255	1

sphere -10.0 5.0 2.15	0.15	226 217 255	1
sphere -10.0 0.0 3.95	0.15	226 217 255	1
prism -10.15 5.0 2.0	-10.15 5.0 2.3	-9.85 5.0 2.3	-9.85 5.0 2.0	0.0 -2.777 1.0	5.314	226 217 255	1
prism -10.1 4.65 0.0	-10.1 4.85 0.0	-9.9 4.85 0.0	-9.9 4.65 0.0	0.0 0.0 1.0	2.0	226 217 255	1
prism -10.1 4.15 0.2	-10.1 4.35 0.2	-9.9 4.35 0.2	-9.9 4.15 0.2	0.0 0.0 1.0	2.0	226 217 255	1
prism -10.1 3.65 0.4	-10.1 3.85 0.4	-9.9 3.85 0.4	-9.9 3.65 0.4	0.0 0.0 1.0	2.0	226 217 255	1
prism -10.1 3.15 0.6	-10.1 3.35 0.6	-9.9 3.35 0.6	-9.9 3.15 0.6	0.0 0.0 1.0	2.0	226 217 255	1
prism -10.1 2.65 0.8	-10.1 2.85 0.8	-9.9 2.85 0.8	-9.9 2.65 0.8	0.0 0.0 1.0	2.0	226 217 255	1
prism -10.1 2.15 1.0	-10.1 2.35 1.0	-9.9 2.35 1.0	-9.9 2.15 1.0	0.0 0.0 1.0	2.0	226 217 255	1
prism -10.1 1.65 1.2	-10.1 1.85 1.2	-9.9 1.85 1.2	-9.9 1.65 1.2	0.0 0.0 1.0	2.0	226 217 255	1
prism -10.1 1.15 1.4	-10.1 1.35 1.4	-9.9 1.35 1.4	-9.9 1.15 1.4	0.0 0.0 1.0	2.0	226 217 255	1
prism -10.1 0.65 1.6	-10.1 0.85 1.6	-9.9 0.85 1.6	-9.9 0.65 1.6	0.0 0.0 1.0	2.0	226 217 255	1
prism -10.1 0.15 1.8	-10.1 0.35 1.8	-9.9 0.35 1.8	-9.9 0.15 1.8	0.0 0.0 1.0	2.0	226 217 255	1

sphere 10.0 5.0 2.15	0.15	226 217 255	1
sphere 10.0 0.0 3.95	0.15	226 217 255	1
prism 9.85 5.0 2.0	9.85 5.0 2.3	10.15 5.0 2.3	10.15 5.0 2.0	0.0 -2.777 1.0	5.314	226 217 255	1
prism 9.9 4.65 0.0	9.9 4.85 0.0	10.1 4.85 0.0	10.1 4.65 0.0	0.0 0.0 1.0	2.0	226 217 255	1
prism 9.9 4.15 0.2	9.9 4.35 0.2	10.1 4.35 0.2	10.1 4.15 0.2	0.0 0.0 1.0	2.0	226 217 255	1
prism 9.9 3.65 0.4	9.9 3.85 0.4	10.1 3.85 0.4	10.1 3.65 0.4	0.0 0.0 1.0	2.0	226 217 255	1
prism 9.9 3.15 0.6	9.9 3.35 0.6	10.1 3.35 0.6	10.1 3.15 0.6	0.0 0.0 1.0	2.0	226 217 255	1
prism 9.9 2.65 0.8	9.9 2.85 0.8	10.1 2.85 0.8	10.1 2.65 0.8	0.0 0.0 1.0	2.0	226 217 255	1
prism 9.9 2.15 1.0	9.9 2.35 1.0	10.1 2.35 1.0	10.1 2.15 1.0	0.0 0.0 1.0	2.0	226 217 255	1
prism 9.9 1.65 1.2	9.9 1.85 1.2	10.1 1.85 1.2	10.1 1.65 1.2	0.0 0.0 1.0	2.0	226 217 255	1
prism 9.9 1.15 1.4	9.9 1.35 1.4	10.1 1.35 1.4	10.1 1.15 1.4	0.0 0.0 1.0	2.0	226 217 255	1
prism 9.9 0.65 1.6	9.9 0.85 1.6	10.1 0.85 1.6	10.1 0.65 1.6	0.0 0.0 1.0	2.0	226 217 255	1
prism 9.9 0.15 1.8	9.9 0.35 1.8	10.1 0.35 1.8	10.1 0.15 1.8	0.0 0.0 1.0	2.0	226 217 255	1

sphere 20.0 5.0 2.15	0.15	226 217 255	1
sphere 20.0 0.0 3.95	0.15	226 217 255	1
prism 19.85 5.0 2.0	19.85 5.0 2.3	20.15 5.0 2.3	20.15 5.0 2.0	0.0 -2.777 1.0	5.314	226 217 255	1
prism 19.9 4.65 0.0	19.9 4.85 0.0	20.1 4.85 0.0	20.1 4.65 0.0	0.0 0.0 1.0	2.0	226 217 255	1
prism 19.9 4.15 0.2	19.9 4.35 0.2	20.1 4.35 0.2	20.1 4.15 0.2	0.0 0.0 1.0	2.0	226 217 255	1
prism 19.9 3.65 0.4	19.9 3.85 0.4	20.1 3.85 0.4	20.1 3.65 0.4	0.0 0.0 1.0	2.0	226 217 255	1
prism 19.9 3.15 0.6	19.9 3.35 0.6	20.1 3.35 0.6	20.1 3.15 0.6	0.0 0.0 1.0	2.0	226 217 255	1
prism 19.9 2.65 0.8	19.9 2.85 0.8	20.1 2.85 0.8	20.1 2.65 0.8	0.0 0.0 1.0	2.0	226 217 255	1
prism 19.9 2.15 1.0	19.9 2.35 1.0	20.1 2.35 1.0	20.1 2.15 1.0	0.0 0.0 1.0	2.0	226 217 255	1
prism 19.9 1.65 1.2	19.9 1.85 1.2	20.1 1.85 1.2	20.1 1.65 1.2	0.0 0.0 1.0	2.0	226 217 255	1
prism 19.9 1.15 1.4	19.9 1.35 1.4	20.1 1.35 1.4	20.1 1.15 1.4	0.0 0.0 1.0	2.0	226 217 255	1
prism 19.9 0.65 1.6	19.9 0.85 1.6	20.1 0.85 1.6	20.1 0.65 1.6	0.0 0.0 1.0	2.0	226 217 255	1
prism 19.9 0.15 1.8	19.9 0.35 1.8	20.1 0.35 1.8	20.1 0.15 1.8	0.0 0.0 1.0	2.0	226 217 255	1




prism -40.0 -20.0 2.1	-40.0 0.0 2.1	20.0 0.0 2.1	20.0 -20.0 2.1	0.0 0.0 -1.0	0.1	248 255 217	1


; light <(pos)> <power>
light 0.0 7.0 10.0 3.0
light 0.0 4.0 15.0 3.0
light 0.0 2.0 20.0 3.0
light 0.0 0.0 25.0 3.0
light 0.0 -2.0 30.0 3.0
light 0.0 -6.0 30.0 3.0
light 0.0 -12.0 30.0 3.0
light 0.0 -16.0 30.0 3.0
light 0.0 -22.0 30.0 5.0

light -20.0 7.0 10.0 3.0
light -20.0 4.0 15.0 3.0
;light -20.0 2.0 20.0 3.0
;light -20.0 0.0 25.0 3.0
;light -20.0 -2.0 30.0 3.0
light -20.0 -6.0 30.0 3.0
light -20.0 -12.0 30.0 3.0
light -20.0 -16.0 30.0 3.0
light -20.0 -22.0 30.0 5.0

light -40.0 7.0 10.0 3.0
light -40.0 4.0 15.0 3.0
;light -40.0 2.0 20.0 3.0
;light -40.0 0.0 25.0 3.0
;light -40.0 -2.0 30.0 3.0
light -40.0 -6.0 30.0 3.0
light -40.0 -12.0 30.0 3.0
light -40.0 -16.0 30.0 3.0
light -40.0 -22.0 30.0 5.0



; camera <(from)> <(to)> <w> <h>
camera 15.0 8.0 9.0 0.0 0.0 0.0 1.5 1.5
